# Exported from KOTORmax 0.4.1 at 10/06/2018 6:02:08 PM
# WOKMESH  ASCII
node trimesh walk43
  parent 101PERi
  position -77.7905 76.1764 9.05
  orientation 1.0 0.0 0.0 0.0
  verts 283
    5.12459 5.0228 9.06802
    4.26551 15.19 9.05401
    -1.99141 22.4531 9.06016
    6.1176 5.0194 9.07555
    6.11849 13.2877 9.07159
    10.1764 5.01091 9.07386
    10.1773 13.2791 9.07159
    11.9521 5.0072 9.081
    12.051 15.1439 9.06284
    18.0594 4.99269 9.06802
    17.6175 22.0148 9.0621
    3.5016 19.2722 9.08593
    4.272 18.2916 9.08593
    12.8 19.3649 9.03666
    12.0441 18.4147 9.03666
    12.1153 31.6327 9.09008
    12.8238 30.7166 9.09008
    17.9962 27.7191 9.05958
    12.0953 34.6391 9.09008
    4.2023 34.8253 9.07429
    -2.01862 23.8076 9.0574
    3.526 30.8934 9.07429
    4.22231 31.8189 9.07429
    5.9618 36.6091 9.03666
    -1.60722 41.0649 9.05363
    10.3111 36.5884 9.03666
    18.1008 40.3905 9.05856
    -9.29179 22.4686 9.03666
    -1.99139 22.4531 13.8176
    -9.29179 22.4686 13.8176
    32.5485 9.9703 9.03666
    32.5815 4.9576 9.03666
    32.5815 4.9576 13.8176
    32.5485 9.9703 13.8176
    37.1205 13.9988 9.03666
    37.1205 13.9988 13.8176
    17.6175 22.0148 13.8176
    17.9962 27.7191 13.8176
    -2.0186 23.8076 13.8176
    18.1008 40.3905 13.8176
    16.3923 56.3235 9.04668
    17.4678 51.1469 9.04668
    17.4678 51.1469 13.8165
    16.3923 56.3235 13.8165
    13.9777 59.1183 9.04668
    13.9777 59.1183 13.8165
    10.7035 60.9688 9.04668
    10.7035 60.9688 13.8165
    5.6154 60.9794 9.04668
    5.6154 60.9794 13.8165
    2.0079 59.1433 9.04668
    2.0079 59.1433 13.8165
    -0.418297 56.3587 9.04668
    -0.418297 56.3587 13.8165
    -1.0411 51.4832 9.04668
    -1.0411 51.4832 13.8165
    6.11849 13.2876 9.91087
    4.26551 15.19 9.91087
    10.1773 13.2791 9.87772
    12.051 15.1439 9.87772
    4.272 18.2916 9.91087
    3.5016 19.2722 9.91087
    12.8 19.3649 9.87772
    12.0441 18.4147 9.87772
    12.0953 34.6391 9.90589
    12.1153 31.6327 9.90589
    12.8238 30.7166 9.90589
    3.526 30.8934 9.93905
    4.22231 31.8189 9.93905
    4.2023 34.8253 9.93905
    10.3111 36.5884 9.90589
    5.9618 36.609 9.93905
    27.2665 4.9732 9.03666
    -9.3072 21.5917 11.7111
    -9.3013 21.5774 9.03666
    -9.3284 5.0519 9.03666
    -8.2725 5.1911 9.03666
    -9.3074 18.1904 9.03666
    -3.98579 5.32859 9.03666
    -4.8816 5.2324 9.03666
    -9.3284 5.0519 11.9092
    -8.31879 5.2632 11.7111
    -4.8713 5.2875 11.7111
    -3.98579 5.3286 13.8374
    -9.3182 18.1443 11.7111
    -1.64619 46.3536 9.04668
    -1.64619 46.3536 13.8176
    -2.4339 45.3707 11.7111
    -2.42799 45.3564 9.03666
    -2.4449 41.9233 11.7111
    -1.6072 41.0649 13.8176
    -2.4341 41.9694 9.03666
    37.1665 15.8115 13.8176
    37.1665 15.8115 9.03666
    37.3545 21.9288 13.8176
    37.3545 21.9288 9.03666
    37.3305 21.3135 9.03666
    37.3305 21.3135 13.8176
    16.9478 49.6334 10.2843
    16.9478 49.6334 9.04928
    16.9478 42.8839 9.05085
    16.9478 42.8839 10.2843
    -0.740601 47.7149 10.4559
    -0.740601 47.7149 9.04668
    -0.738197 50.1862 9.04668
    -0.738197 50.1862 10.4559
    -1.6302 51.1442 13.8165
    -1.6302 51.1442 9.04668
    -1.6072 39.5218 13.8176
    -1.6072 39.5218 9.06102
    -1.8613 39.0636 13.8176
    -1.8613 39.0636 9.06102
    -2.0964 24.1086 9.0574
    -2.0964 24.1086 13.8176
    13.4469 55.1127 9.03666
    11.6966 56.5668 9.08961
    13.233 54.9691 9.08961
    11.8485 56.7749 9.03666
    9.70641 57.5426 9.08961
    9.7779 57.7902 9.03666
    7.5024 57.7789 9.08961
    7.4849 58.036 9.03666
    5.35049 57.2472 9.08961
    5.2462 57.4828 9.03666
    3.5103 56.0116 9.08961
    3.3317 56.1973 9.03666
    2.20361 54.221 9.08961
    1.97231 54.3345 9.03666
    1.5882 52.0916 9.08961
    1.332 52.119 9.03666
    1.7382 49.8801 9.08961
    1.48801 49.8182 9.03666
    2.63551 47.8532 9.08961
    2.4216 47.7096 9.03666
    4.172 46.2555 9.08961
    4.0201 46.0473 9.03666
    6.16219 45.2796 9.08961
    6.09061 45.0321 9.03666
    8.3661 45.0433 9.08961
    8.38361 44.7862 9.03666
    10.518 45.5751 9.08961
    10.6223 45.3394 9.03666
    12.3583 46.8107 9.08961
    12.5369 46.625 9.03666
    13.6649 48.6013 9.08961
    13.8963 48.4878 9.03666
    14.2803 50.7307 9.08961
    14.5366 50.7032 9.03666
    14.1303 52.9422 9.08961
    14.3805 53.004 9.03666
    -1.6302 50.3407 9.04668
    17.6577 49.7471 9.04928
    18.1008 42.7041 9.05085
    -1.64619 47.644 9.04668
    3.54491 21.0154 9.75693
    3.5016 21.0155 9.13323
    4.1002 21.2554 14.4495
    3.0428 21.2554 9.08396
    4.1002 23.4692 14.4495
    3.0428 23.4692 9.08396
    4.5781 23.7053 14.4671
    3.52059 23.7053 9.08396
    4.5781 26.0688 14.4671
    3.52059 26.0688 9.08396
    4.14269 26.3197 14.4495
    3.054 26.3197 9.08396
    4.1461 28.723 14.4495
    3.0576 28.7368 9.08396
    12.7603 28.9 9.82287
    12.8238 28.8065 9.03666
    12.3247 28.5525 14.6481
    13.2787 28.5787 9.08369
    12.3247 26.413 14.6481
    13.2787 26.413 9.08369
    11.81 26.1312 14.644
    12.7641 26.1312 9.03666
    11.81 23.5841 14.644
    12.7641 23.5841 9.03666
    12.2909 23.3634 14.6481
    13.245 23.3634 9.09436
    12.2909 21.035 14.6481
    13.245 21.035 9.09436
    30.8505 21.0844 10.5022
    30.8505 21.0844 9.03666
    32.9945 21.0844 9.03666
    32.9945 21.0844 10.5022
    21.0214 21.1892 10.5022
    21.0214 21.1892 9.03666
    27.3155 21.1892 9.03666
    27.3155 21.1892 10.5022
    21.7892 5.62131 9.03666
    21.7892 5.6213 10.5119
    23.9535 5.6213 10.5119
    23.9535 5.62131 9.03666
    -2.73009 5.3286 13.8374
    -2.73009 5.3286 9.06802
    -2.4305 4.842 13.8374
    -2.4305 4.842 9.06802
    -1.2306 4.842 13.8374
    -1.2306 4.842 9.06802
    1.21941 5.8508 10.5847
    1.21941 5.8508 9.06802
    -0.744194 5.8508 9.06802
    -0.744194 5.8508 10.5847
    3.1949 4.7153 13.8374
    3.1949 4.7153 9.06802
    1.7281 4.7153 9.06802
    1.7281 4.7153 13.8374
    5.1246 5.0228 13.8176
    12.8134 20.8199 9.03666
    3.5341 28.7881 9.08396
    33.3755 21.9845 9.03666
    30.5615 22.0208 9.03666
    27.7315 22.0208 9.03666
    20.7736 21.9925 9.03666
    24.1815 4.6183 9.03666
    21.5905 4.5416 9.03666
    6.9588 16.782 10.7074
    6.1815 18.6582 10.6945
    10.1773 16.97 10.8269
    10.6077 18.223 10.7416
    5.2032 19.166 10.6709
    4.729 21.0059 10.7012
    11.7064 20.7138 10.8929
    10.9506 19.405 10.8929
    6.8758 16.3122 14.2638
    5.9314 18.3371 14.2636
    9.64751 16.8416 14.2638
    10.6077 18.223 14.2637
    4.9531 18.8449 14.2637
    4.6563 21.04 14.2637
    11.1118 20.7138 14.2638
    11.2035 19.405 14.2638
    11.389 30.7166 9.90589
    11.3254 29.2341 9.82287
    10.8296 30.7166 11.1837
    10.766 29.1099 11.1006
    7.0732 34.0806 9.93905
    9.1997 34.0406 9.90589
    7.4305 33.1111 11.2421
    8.77679 33.0711 11.2089
    7.4305 33.5401 14.7773
    8.77679 33.5001 14.7442
    10.07 32.4566 11.2089
    10.4816 32.8245 9.90589
    5.83521 32.3695 9.93905
    6.32051 32.1664 11.2421
    11.1716 30.9709 14.4695
    11.1081 29.3642 14.3864
    10.412 32.7109 14.4947
    3.5341 28.7881 9.93905
    5.34151 30.6078 9.93905
    5.82681 30.4047 11.2421
    5.3382 28.8285 9.93905
    5.82381 28.816 11.2421
    5.90231 32.9073 14.7773
    5.3719 30.6491 14.3768
    5.3695 28.8116 14.3768
    12.8134 20.8199 9.86948
    30.5615 22.0208 10.5022
    33.3755 21.9845 10.5022
    20.7736 21.9925 10.5022
    27.7315 22.0208 10.5022
    33.3755 21.9845 13.7306
    30.5615 22.0208 13.7306
    27.7315 22.0208 13.7306
    20.7736 21.9925 13.7306
    17.5999 49.7803 10.2843
    18.1008 42.7041 10.2843
    -1.64619 47.644 10.417
    -1.6302 50.3407 10.4559
    21.5905 4.5416 10.5119
    24.1815 4.6183 10.5119
    1.7281 4.7153 10.5847
    -1.2306 4.842 10.5847
    21.5905 4.5416 13.8176
    24.1815 4.6183 13.8176
    27.2665 4.9732 13.8176
    18.0591 4.9927 13.8176
    38.1625 16.1811 13.8176
    38.1625 16.1811 9.03666
    38.1775 20.7545 9.03666
    38.1775 20.7545 13.8176
  faces 471
    0 1 2  1  0 0 0  10
    1 0 3  1  0 0 0  10
    3 4 1  1  0 0 0  10
    4 3 5  1  0 0 0  10
    5 6 4  1  0 0 0  10
    6 5 7  1  0 0 0  10
    7 8 6  1  0 0 0  10
    8 7 9  1  0 0 0  10
    9 10 8  1  0 0 0  10
    11 2 1  1  0 0 0  10
    1 12 11  1  0 0 0  10
    13 14 8  1  0 0 0  10
    8 10 13  1  0 0 0  10
    15 16 17  1  0 0 0  10
    17 18 15  1  0 0 0  10
    19 20 21  1  0 0 0  10
    21 22 19  1  0 0 0  10
    19 23 24  1  0 0 0  10
    25 26 24  1  0 0 0  10
    24 23 25  1  0 0 0  10
    27 2 28  1  0 0 0  7
    28 29 27  1  0 0 0  7
    30 31 32  1  0 0 0  7
    32 33 30  1  0 0 0  7
    34 30 33  1  0 0 0  7
    33 35 34  1  0 0 0  7
    17 10 36  1  0 0 0  7
    36 37 17  1  0 0 0  7
    2 20 38  1  0 0 0  7
    38 28 2  1  0 0 0  7
    26 17 37  1  0 0 0  7
    37 39 26  1  0 0 0  7
    40 41 42  1  0 0 0  7
    42 43 40  1  0 0 0  7
    44 40 43  1  0 0 0  7
    43 45 44  1  0 0 0  7
    46 44 45  1  0 0 0  7
    45 47 46  1  0 0 0  7
    48 46 47  1  0 0 0  7
    47 49 48  1  0 0 0  7
    50 48 49  1  0 0 0  7
    49 51 50  1  0 0 0  7
    52 50 51  1  0 0 0  7
    51 53 52  1  0 0 0  7
    54 52 53  1  0 0 0  7
    53 55 54  1  0 0 0  7
    1 4 56  1  0 0 0  7
    56 57 1  1  0 0 0  7
    4 6 58  1  0 0 0  7
    58 56 4  1  0 0 0  7
    6 8 59  1  0 0 0  7
    59 58 6  1  0 0 0  7
    12 1 57  1  0 0 0  7
    57 60 12  1  0 0 0  7
    11 12 60  1  0 0 0  7
    60 61 11  1  0 0 0  7
    14 13 62  1  0 0 0  7
    62 63 14  1  0 0 0  7
    8 14 63  1  0 0 0  7
    63 59 8  1  0 0 0  7
    15 18 64  1  0 0 0  7
    64 65 15  1  0 0 0  7
    16 15 65  1  0 0 0  7
    65 66 16  1  0 0 0  7
    22 21 67  1  0 0 0  7
    67 68 22  1  0 0 0  7
    19 22 68  1  0 0 0  7
    68 69 19  1  0 0 0  7
    18 25 70  1  0 0 0  7
    70 64 18  1  0 0 0  7
    23 19 69  1  0 0 0  7
    69 71 23  1  0 0 0  7
    25 23 71  1  0 0 0  7
    71 70 25  1  0 0 0  7
    72 31 30  1  0 0 0  10
    10 72 30  1  0 0 0  10
    27 29 73  1  0 0 0  7
    73 74 27  1  0 0 0  7
    75 76 77  1  0 0 0  10
    2 27 74  1  0 0 0  10
    74 78 2  1  0 0 0  10
    78 74 77  1  0 0 0  10
    77 79 78  1  0 0 0  10
    79 77 76  1  0 0 0  10
    75 80 81  1  0 0 0  7
    81 76 75  1  0 0 0  7
    82 83 78  1  0 0 0  7
    78 79 82  1  0 0 0  7
    84 80 75  1  0 0 0  7
    75 77 84  1  0 0 0  7
    85 86 87  1  0 0 0  7
    87 88 85  1  0 0 0  7
    89 90 24  1  0 0 0  7
    24 91 89  1  0 0 0  7
    85 88 91  1  0 0 0  10
    91 24 85  1  0 0 0  10
    34 35 92  1  0 0 0  7
    92 93 34  1  0 0 0  7
    94 95 96  1  0 0 0  7
    96 97 94  1  0 0 0  7
    30 34 93  1  0 0 0  10
    98 99 100  1  0 0 0  7
    100 101 98  1  0 0 0  7
    102 103 104  1  0 0 0  7
    104 105 102  1  0 0 0  7
    106 107 54  1  0 0 0  7
    54 55 106  1  0 0 0  7
    108 109 24  1  0 0 0  7
    24 90 108  1  0 0 0  7
    110 111 109  1  0 0 0  7
    109 108 110  1  0 0 0  7
    112 113 38  1  0 0 0  7
    38 20 112  1  0 0 0  7
    111 110 113  1  0 0 0  7
    111 113 112  1  0 0 0  7
    114 115 116  1  0 0 0  10
    114 117 115  1  0 0 0  10
    117 118 115  1  0 0 0  10
    117 119 118  1  0 0 0  10
    119 120 118  1  0 0 0  10
    119 121 120  1  0 0 0  10
    121 122 120  1  0 0 0  10
    121 123 122  1  0 0 0  10
    123 124 122  1  0 0 0  10
    123 125 124  1  0 0 0  10
    125 126 124  1  0 0 0  10
    125 127 126  1  0 0 0  10
    127 128 126  1  0 0 0  10
    127 129 128  1  0 0 0  10
    129 130 128  1  0 0 0  10
    129 131 130  1  0 0 0  10
    131 132 130  1  0 0 0  10
    131 133 132  1  0 0 0  10
    133 134 132  1  0 0 0  10
    133 135 134  1  0 0 0  10
    135 136 134  1  0 0 0  10
    135 137 136  1  0 0 0  10
    137 138 136  1  0 0 0  10
    137 139 138  1  0 0 0  10
    139 140 138  1  0 0 0  10
    139 141 140  1  0 0 0  10
    141 142 140  1  0 0 0  10
    141 143 142  1  0 0 0  10
    143 144 142  1  0 0 0  10
    143 145 144  1  0 0 0  10
    145 146 144  1  0 0 0  10
    145 147 146  1  0 0 0  10
    147 148 146  1  0 0 0  10
    147 149 148  1  0 0 0  10
    149 116 148  1  0 0 0  10
    149 114 116  1  0 0 0  10
    116 126 128  1  0 0 0  10
    116 128 148  1  0 0 0  10
    148 128 130  1  0 0 0  10
    148 130 146  1  0 0 0  10
    146 130 132  1  0 0 0  10
    146 132 144  1  0 0 0  10
    144 132 134  1  0 0 0  10
    144 134 142  1  0 0 0  10
    142 134 136  1  0 0 0  10
    142 136 140  1  0 0 0  10
    140 136 138  1  0 0 0  10
    124 126 116  1  0 0 0  10
    124 116 115  1  0 0 0  10
    115 118 122  1  0 0 0  10
    115 122 124  1  0 0 0  10
    122 118 120  1  0 0 0  10
    150 104 54  1  0 0 0  10
    150 54 107  1  0 0 0  10
    104 131 129  1  0 0 0  10
    104 129 54  1  0 0 0  10
    54 129 127  1  0 0 0  10
    54 127 52  1  0 0 0  10
    125 50 52  1  0 0 0  10
    125 52 127  1  0 0 0  10
    125 123 48  1  0 0 0  10
    125 48 50  1  0 0 0  10
    121 48 123  1  0 0 0  10
    119 46 121  1  0 0 0  10
    121 46 48  1  0 0 0  10
    44 46 119  1  0 0 0  10
    44 119 117  1  0 0 0  10
    117 114 40  1  0 0 0  10
    117 40 44  1  0 0 0  10
    149 41 40  1  0 0 0  10
    149 40 114  1  0 0 0  10
    41 99 151  1  0 0 0  10
    99 41 149  1  0 0 0  10
    99 149 147  1  0 0 0  10
    147 145 99  1  0 0 0  10
    143 100 99  1  0 0 0  10
    143 99 145  1  0 0 0  10
    100 26 152  1  0 0 0  10
    24 135 133  1  0 0 0  10
    24 133 85  1  0 0 0  10
    85 133 103  1  0 0 0  10
    85 103 153  1  0 0 0  10
    103 133 131  1  0 0 0  10
    103 131 104  1  0 0 0  10
    24 137 135  1  0 0 0  10
    26 100 143  1  0 0 0  10
    26 143 141  1  0 0 0  10
    141 139 26  1  0 0 0  10
    26 139 137  1  0 0 0  10
    26 137 24  1  0 0 0  10
    109 111 112  1  0 0 0  10
    109 112 20  1  0 0 0  10
    20 19 109  1  0 0 0  10
    109 19 24  1  0 0 0  10
    154 155 11  1  0 0 0  7
    11 61 154  1  0 0 0  7
    156 157 155  1  0 0 0  7
    155 154 156  1  0 0 0  7
    158 159 157  1  0 0 0  7
    157 156 158  1  0 0 0  7
    160 161 159  1  0 0 0  7
    159 158 160  1  0 0 0  7
    162 163 161  1  0 0 0  7
    161 160 162  1  0 0 0  7
    164 165 163  1  0 0 0  7
    163 162 164  1  0 0 0  7
    166 167 165  1  0 0 0  7
    165 164 166  1  0 0 0  7
    168 169 16  1  0 0 0  7
    16 66 168  1  0 0 0  7
    170 171 169  1  0 0 0  7
    169 168 170  1  0 0 0  7
    172 173 171  1  0 0 0  7
    171 170 172  1  0 0 0  7
    174 175 173  1  0 0 0  7
    173 172 174  1  0 0 0  7
    176 177 175  1  0 0 0  7
    175 174 176  1  0 0 0  7
    178 179 177  1  0 0 0  7
    177 176 178  1  0 0 0  7
    180 181 179  1  0 0 0  7
    179 178 180  1  0 0 0  7
    182 183 184  1  0 0 0  7
    184 185 182  1  0 0 0  7
    186 187 188  1  0 0 0  7
    188 189 186  1  0 0 0  7
    190 191 192  1  0 0 0  7
    192 193 190  1  0 0 0  7
    194 195 78  1  0 0 0  7
    78 83 194  1  0 0 0  7
    196 197 195  1  0 0 0  7
    195 194 196  1  0 0 0  7
    198 199 197  1  0 0 0  7
    197 196 198  1  0 0 0  7
    200 201 202  1  0 0 0  7
    202 203 200  1  0 0 0  7
    204 205 206  1  0 0 0  7
    206 207 204  1  0 0 0  7
    208 0 205  1  0 0 0  7
    205 204 208  1  0 0 0  7
    209 13 181  1  0 0 0  10
    179 173 175  1  0 0 0  10
    179 175 177  1  0 0 0  10
    171 16 169  1  0 0 0  10
    10 181 13  1  0 0 0  10
    181 10 179  1  0 0 0  10
    179 10 17  1  0 0 0  10
    179 17 173  1  0 0 0  10
    173 17 171  1  0 0 0  10
    17 16 171  1  0 0 0  10
    21 167 210  1  0 0 0  10
    165 159 161  1  0 0 0  10
    165 161 163  1  0 0 0  10
    157 11 155  1  0 0 0  10
    20 2 157  1  0 0 0  10
    20 157 159  1  0 0 0  10
    159 165 20  1  0 0 0  10
    20 165 167  1  0 0 0  10
    167 21 20  1  0 0 0  10
    2 11 157  1  0 0 0  10
    96 95 211  1  0 0 0  10
    96 211 184  1  0 0 0  10
    183 212 213  1  0 0 0  10
    183 213 188  1  0 0 0  10
    187 214 10  1  0 0 0  10
    10 30 187  1  0 0 0  10
    187 30 188  1  0 0 0  10
    188 30 183  1  0 0 0  10
    183 30 93  1  0 0 0  10
    183 93 184  1  0 0 0  10
    184 93 96  1  0 0 0  10
    193 215 72  1  0 0 0  10
    216 190 9  1  0 0 0  10
    10 190 193  1  0 0 0  10
    193 72 10  1  0 0 0  10
    10 9 190  1  0 0 0  10
    206 205 0  1  0 0 0  10
    206 0 201  1  0 0 0  10
    202 195 197  1  0 0 0  10
    202 197 199  1  0 0 0  10
    2 78 195  1  0 0 0  10
    2 195 202  1  0 0 0  10
    202 201 2  1  0 0 0  10
    2 201 0  1  0 0 0  10
    26 25 18  1  0 0 0  10
    18 17 26  1  0 0 0  10
    217 218 57  1  0 0 0  7
    57 56 217  1  0 0 0  7
    219 217 56  1  0 0 0  7
    56 58 219  1  0 0 0  7
    220 219 58  1  0 0 0  7
    58 59 220  1  0 0 0  7
    218 221 60  1  0 0 0  7
    60 57 218  1  0 0 0  7
    221 222 61  1  0 0 0  7
    61 60 221  1  0 0 0  7
    223 224 63  1  0 0 0  7
    63 62 223  1  0 0 0  7
    224 220 59  1  0 0 0  7
    59 63 224  1  0 0 0  7
    154 61 222  1  0 0 0  7
    154 222 156  1  0 0 0  7
    225 226 218  1  0 0 0  7
    218 217 225  1  0 0 0  7
    227 225 217  1  0 0 0  7
    217 219 227  1  0 0 0  7
    228 227 219  1  0 0 0  7
    219 220 228  1  0 0 0  7
    226 229 221  1  0 0 0  7
    221 218 226  1  0 0 0  7
    229 230 222  1  0 0 0  7
    222 221 229  1  0 0 0  7
    231 232 224  1  0 0 0  7
    224 223 231  1  0 0 0  7
    232 228 220  1  0 0 0  7
    220 224 232  1  0 0 0  7
    222 230 156  1  0 0 0  7
    233 234 168  1  0 0 0  7
    168 66 233  1  0 0 0  7
    235 236 234  1  0 0 0  7
    234 233 235  1  0 0 0  7
    234 236 170  1  0 0 0  7
    234 170 168  1  0 0 0  7
    65 233 66  1  0 0 0  7
    237 238 70  1  0 0 0  7
    70 71 237  1  0 0 0  7
    239 240 238  1  0 0 0  7
    238 237 239  1  0 0 0  7
    241 242 240  1  0 0 0  7
    240 239 241  1  0 0 0  7
    243 244 238  1  0 0 0  7
    238 240 243  1  0 0 0  7
    245 246 239  1  0 0 0  7
    239 237 245  1  0 0 0  7
    64 70 238  1  0 0 0  7
    64 238 244  1  0 0 0  7
    244 243 235  1  0 0 0  7
    244 235 233  1  0 0 0  7
    233 65 64  1  0 0 0  7
    233 64 244  1  0 0 0  7
    247 248 236  1  0 0 0  7
    236 235 247  1  0 0 0  7
    242 249 243  1  0 0 0  7
    243 240 242  1  0 0 0  7
    249 247 235  1  0 0 0  7
    235 243 249  1  0 0 0  7
    248 170 236  1  0 0 0  7
    210 250 67  1  0 0 0  7
    67 21 210  1  0 0 0  7
    167 250 210  1  0 0 0  7
    167 166 250  1  0 0 0  7
    251 252 246  1  0 0 0  7
    246 245 251  1  0 0 0  7
    253 254 252  1  0 0 0  7
    252 251 253  1  0 0 0  7
    250 166 254  1  0 0 0  7
    250 254 253  1  0 0 0  7
    67 250 253  1  0 0 0  7
    67 253 251  1  0 0 0  7
    251 68 67  1  0 0 0  7
    245 69 68  1  0 0 0  7
    245 68 251  1  0 0 0  7
    237 71 69  1  0 0 0  7
    237 69 245  1  0 0 0  7
    255 241 239  1  0 0 0  7
    239 246 255  1  0 0 0  7
    256 255 246  1  0 0 0  7
    246 252 256  1  0 0 0  7
    257 256 252  1  0 0 0  7
    252 254 257  1  0 0 0  7
    254 166 257  1  0 0 0  7
    209 258 62  1  0 0 0  7
    62 13 209  1  0 0 0  7
    258 223 62  1  0 0 0  7
    181 258 209  1  0 0 0  7
    181 180 258  1  0 0 0  7
    258 180 231  1  0 0 0  7
    258 231 223  1  0 0 0  7
    259 212 183  1  0 0 0  7
    183 182 259  1  0 0 0  7
    211 260 185  1  0 0 0  7
    185 184 211  1  0 0 0  7
    261 214 187  1  0 0 0  7
    187 186 261  1  0 0 0  7
    213 262 189  1  0 0 0  7
    189 188 213  1  0 0 0  7
    213 212 259  1  0 0 0  10
    213 259 262  1  0 0 0  10
    10 214 261  1  0 0 0  10
    260 211 95  1  0 0 0  10
    260 263 264  1  0 0 0  10
    260 264 259  1  0 0 0  10
    259 182 185  1  0 0 0  7
    259 185 260  1  0 0 0  7
    260 95 94  1  0 0 0  10
    260 94 263  1  0 0 0  10
    265 262 259  1  0 0 0  10
    259 264 265  1  0 0 0  10
    266 261 262  1  0 0 0  10
    262 265 266  1  0 0 0  10
    189 262 261  1  0 0 0  7
    189 261 186  1  0 0 0  7
    10 261 266  1  0 0 0  10
    10 266 36  1  0 0 0  10
    267 151 99  1  0 0 0  7
    99 98 267  1  0 0 0  7
    152 268 101  1  0 0 0  7
    101 100 152  1  0 0 0  7
    267 42 41  1  0 0 0  7
    267 41 151  1  0 0 0  7
    39 268 152  1  0 0 0  7
    39 152 26  1  0 0 0  7
    268 39 42  1  0 0 0  7
    268 42 267  1  0 0 0  7
    267 98 101  1  0 0 0  7
    267 101 268  1  0 0 0  7
    269 153 103  1  0 0 0  7
    103 102 269  1  0 0 0  7
    150 270 105  1  0 0 0  7
    105 104 150  1  0 0 0  7
    270 150 107  1  0 0 0  7
    270 107 106  1  0 0 0  7
    269 86 85  1  0 0 0  7
    269 85 153  1  0 0 0  7
    269 270 106  1  0 0 0  7
    269 106 86  1  0 0 0  7
    269 102 105  1  0 0 0  7
    269 105 270  1  0 0 0  7
    216 271 191  1  0 0 0  7
    191 190 216  1  0 0 0  7
    272 215 193  1  0 0 0  7
    193 192 272  1  0 0 0  7
    273 206 201  1  0 0 0  7
    201 200 273  1  0 0 0  7
    199 274 203  1  0 0 0  7
    203 202 199  1  0 0 0  7
    191 271 272  1  0 0 0  7
    191 272 192  1  0 0 0  7
    274 273 200  1  0 0 0  7
    274 200 203  1  0 0 0  7
    274 198 207  1  0 0 0  7
    274 207 273  1  0 0 0  7
    271 275 276  1  0 0 0  7
    271 276 272  1  0 0 0  7
    215 272 72  1  0 0 0  7
    72 272 276  1  0 0 0  7
    72 276 277  1  0 0 0  7
    278 275 271  1  0 0 0  7
    278 271 9  1  0 0 0  7
    9 271 216  1  0 0 0  7
    279 280 93  1  0 0 0  7
    93 92 279  1  0 0 0  7
    281 282 97  1  0 0 0  7
    97 96 281  1  0 0 0  7
    93 280 281  1  0 0 0  10
    93 281 96  1  0 0 0  10
endnode
