# Exported from KOTORmax 0.4.1 at 10/06/2018 3:51:50 PM
# WOKMESH  ASCII
node trimesh walkmesh1
  parent 104PERa
  position -6.19557 -16.3321 0.0
  orientation 1.0 0.0 0.0 0.0
  verts 252
    -44.1686 -163.424 267.057
    -43.9657 -162.886 266.228
    -44.1686 -163.424 266.228
    -43.9657 -162.886 267.057
    -41.3218 -159.844 266.228
    -44.3633 -157.2 266.228
    -47.1841 -160.445 266.228
    -50.0115 -163.698 266.228
    -46.9701 -166.342 266.228
    -29.9888 -177.592 262.358
    -35.6952 -177.599 262.358
    -33.0363 -180.639 262.358
    -32.8385 -174.742 262.358
    -36.0766 -177.98 262.358
    -38.9333 -180.837 262.358
    -36.0837 -183.686 262.358
    34.7929 -160.445 266.228
    31.9721 -157.2 266.228
    31.5745 -162.886 266.228
    28.9306 -159.844 266.228
    37.6203 -163.698 266.228
    31.9284 -163.293 266.228
    34.5789 -166.342 266.228
    20.4473 -174.742 262.358
    17.5976 -177.592 262.358
    23.304 -177.599 262.358
    20.6451 -180.639 262.358
    23.6854 -177.98 262.358
    23.6925 -183.686 262.358
    26.5421 -180.837 262.358
    -50.8118 -170.48 258.456
    -48.1219 -167.473 258.254
    -49.571 -166.214 257.693
    -52.2609 -169.221 257.895
    -53.9309 -167.622 257.322
    -50.9581 -164.899 257.232
    -55.9251 -165.059 256.911
    -52.5891 -162.801 256.894
    -53.9419 -160.489 256.693
    -57.5776 -162.234 256.692
    -54.3146 -157.701 256.723
    -58.734 -157.701 256.723
    -54.3763 -159.307 256.693
    -58.3968 -160.138 256.693
    -6.19557 -176.923 266.228
    -8.54267 -180.784 266.228
    -6.19557 -180.965 266.228
    -8.18968 -176.75 266.228
    -22.0567 -174.55 266.228
    -23.3051 -178.393 266.228
    -27.5398 -171.804 266.228
    -29.0384 -170.584 266.228
    -31.5255 -173.743 266.228
    -29.7456 -175.2 266.228
    -24.0746 -173.827 266.228
    -25.9132 -177.436 266.228
    -25.8625 -172.893 266.228
    -28.0683 -176.29 266.228
    -46.8191 -166.473 266.228
    23.8268 -177.839 262.358
    26.6836 -180.695 262.358
    38.5669 -164.899 257.232
    41.5397 -167.622 257.322
    40.6983 -162.062 256.811
    44.1449 -164.156 256.809
    19.1343 -173.743 266.228
    15.1486 -171.804 266.228
    17.3544 -175.2 266.228
    16.6472 -170.584 266.228
    11.6834 -173.827 266.228
    9.66553 -174.55 266.228
    10.9139 -178.393 266.228
    13.522 -177.436 266.228
    20.5887 -174.601 262.358
    23.4454 -177.457 262.358
    53.0017 -138.454 256.532
    55.0665 -141.913 256.526
    57.4613 -140.687 256.513
    55.9226 -136.959 256.517
    52.8515 -143.439 256.542
    50.3 -140.316 256.552
    59.0475 -135.959 256.506
    60.0234 -139.867 256.505
    62.6904 -139.387 256.53
    62.296 -135.373 256.53
    43.0513 -151.117 256.666
    46.9084 -152.295 256.636
    48.2856 -148.984 256.601
    44.7311 -147.078 256.623
    42.1889 -155.405 256.711
    41.9851 -159.307 256.693
    46.2013 -155.811 256.673
    46.0056 -160.138 256.693
    47.1642 -143.443 256.585
    50.2804 -146.003 256.569
    65.1198 -135.207 256.533
    69.2318 -139.164 256.532
    68.9094 -135.001 256.495
    64.5724 -139.164 256.532
    -58.4128 -154.526 256.777
    -54.5874 -154.526 256.777
    -47.1841 -160.445 267.057
    -44.3633 -157.2 267.057
    -41.3218 -159.844 267.057
    -46.9701 -166.342 267.057
    -50.0115 -163.698 267.057
    -29.9888 -177.592 263.187
    -32.8385 -174.742 267.211
    -33.0363 -180.639 263.187
    -36.0837 -183.686 263.187
    -38.9333 -180.837 263.187
    28.9306 -159.844 267.057
    31.9721 -157.2 267.057
    34.7929 -160.445 267.057
    37.6203 -163.698 267.057
    34.5789 -166.342 267.057
    20.6451 -180.639 263.187
    17.5976 -177.592 263.187
    20.4473 -174.742 267.011
    23.6925 -183.686 263.187
    26.5421 -180.837 263.187
    -48.9382 -166.674 258.757
    -50.9581 -164.899 258.061
    -39.0748 -180.695 262.358
    -52.5891 -162.801 257.724
    -55.9251 -165.059 257.74
    -53.9309 -167.622 258.151
    -53.9419 -160.489 257.523
    -57.5776 -162.234 257.521
    -58.3968 -160.138 257.523
    -58.734 -157.701 257.553
    -54.3763 -159.307 257.523
    -54.3146 -157.701 257.553
    -6.19557 -176.923 267.057
    -8.18968 -176.75 267.057
    -6.19557 -180.965 267.057
    -8.54267 -180.784 267.057
    -23.3051 -178.393 267.057
    -22.0567 -174.55 267.057
    -29.7456 -175.2 267.057
    -31.5255 -173.743 267.057
    -27.5398 -171.804 267.057
    -29.0384 -170.584 270.702
    -24.0746 -173.827 267.057
    -25.9132 -177.436 267.057
    -28.0683 -176.29 267.057
    -25.8625 -172.893 267.057
    -35.8366 -177.457 262.358
    -35.6952 -177.599 263.187
    -32.9799 -174.601 262.358
    38.5669 -164.899 258.061
    37.1798 -166.214 257.693
    36.5876 -166.638 258.743
    39.8697 -169.221 257.895
    41.5397 -167.622 258.151
    39.2778 -169.615 258.911
    40.6983 -162.062 257.64
    44.1449 -164.156 257.639
    -3.84847 -180.784 266.218
    10.9139 -178.393 267.057
    -4.20146 -176.75 266.218
    9.66553 -174.55 267.057
    17.3544 -175.2 267.057
    19.1343 -173.743 267.057
    15.1486 -171.804 267.057
    16.6472 -170.584 269.681
    11.6834 -173.827 267.057
    13.522 -177.436 267.057
    31.5745 -162.886 267.057
    23.304 -177.599 263.187
    57.4613 -140.687 257.343
    55.0665 -141.913 257.356
    55.9226 -136.959 257.346
    53.0017 -138.454 257.362
    52.8515 -143.439 257.372
    50.3 -140.316 257.381
    60.0234 -139.867 257.334
    59.0475 -135.959 258.64
    62.6904 -139.387 257.359
    62.296 -135.373 258.661
    48.2856 -148.984 257.43
    46.9084 -152.295 257.465
    44.7311 -147.078 257.453
    43.0513 -151.117 257.495
    41.9851 -159.307 257.523
    42.1889 -155.405 257.54
    46.2013 -155.811 257.502
    46.0056 -160.138 257.523
    47.1642 -143.443 257.414
    50.2804 -146.003 257.399
    69.2318 -139.164 257.885
    64.5724 -139.164 257.362
    23.6854 -177.98 263.187
    31.9284 -163.293 267.057
    -36.0766 -177.98 263.187
    -58.4128 -149.132 256.725
    -54.5874 -149.132 256.725
    -58.4128 -149.132 259.509
    -54.5874 -149.132 259.509
    68.9094 -129.55 256.495
    65.1198 -129.56 256.533
    68.9094 -129.55 259.122
    65.1198 -129.56 259.159
    65.1198 -135.207 259.159
    68.9094 -135.001 259.122
    -45.1895 -170.026 259.387
    -44.5959 -170.491 260.253
    -51.6254 -169.654 258.926
    -47.8536 -173.062 259.454
    -47.4012 -173.376 260.344
    -43.7388 -171.286 259.94
    -46.3893 -174.335 259.94
    -40.8096 -173.832 260.907
    -40.1513 -174.398 264.91
    -43.4601 -176.881 260.907
    -42.9205 -177.324 261.848
    -39.3451 -175.105 261.391
    -41.9955 -178.154 261.391
    -36.218 -177.839 262.358
    31.3476 -171.286 259.94
    33.9981 -174.335 259.94
    32.7983 -170.026 259.387
    35.4624 -173.062 259.454
    27.8518 -174.318 264.926
    28.4184 -173.832 260.907
    32.3031 -170.405 260.219
    31.0689 -176.881 260.907
    30.366 -177.468 261.903
    34.6399 -173.702 260.468
    35.7307 -167.473 258.254
    38.4206 -170.48 258.456
    26.9538 -175.105 261.391
    29.6043 -178.154 261.391
    34.4279 -166.473 266.228
    31.7774 -163.424 266.228
    0.22869 -151.622 269.465
    -1.73788 -148.09 269.464
    -6.19557 -148.022 269.465
    1.25455 -157.236 269.465
    2.35157 -156.373 269.465
    -10.6533 -148.09 269.464
    -12.6198 -151.622 269.465
    -13.6457 -157.236 269.465
    -14.7427 -156.373 269.465
    0.22869 -151.622 271.029
    -1.73788 -148.09 271.027
    1.25455 -157.236 271.029
    2.35157 -156.373 271.029
    -10.6533 -148.09 271.027
    -12.6198 -151.622 271.029
    -14.7427 -156.373 271.029
    -13.6457 -157.236 271.029
  faces 385
    0 1 2  1  0 0 0  16
    0 3 1  1  0 0 0  16
    4 5 1  1  0 0 0  16
    5 6 1  1  0 0 0  16
    6 7 8  1  0 0 0  16
    2 6 8  1  0 0 0  16
    9 10 11  1  0 0 0  16
    9 12 10  1  0 0 0  16
    13 14 15  1  0 0 0  16
    11 13 15  1  0 0 0  16
    16 17 18  1  0 0 0  16
    17 19 18  1  0 0 0  16
    20 21 22  1  0 0 0  16
    16 21 20  1  0 0 0  16
    23 24 25  1  0 0 0  16
    25 24 26  1  0 0 0  16
    27 26 28  1  0 0 0  16
    29 27 28  1  0 0 0  16
    30 31 32  1  0 0 0  16
    33 30 32  1  0 0 0  16
    34 35 36  1  0 0 0  16
    36 35 37  1  0 0 0  16
    36 37 38  1  0 0 0  16
    36 38 39  1  0 0 0  16
    40 41 42  1  0 0 0  16
    42 41 43  1  0 0 0  16
    44 45 46  1  0 0 0  16
    44 47 45  1  0 0 0  16
    48 49 45  1  0 0 0  16
    47 48 45  1  0 0 0  16
    50 51 52  1  0 0 0  16
    50 52 53  1  0 0 0  16
    48 54 49  1  0 0 0  16
    54 55 49  1  0 0 0  16
    56 57 55  1  0 0 0  16
    54 56 55  1  0 0 0  16
    51 1 52  1  0 0 0  16
    4 1 51  1  0 0 0  16
    2 8 58  1  0 0 0  16
    59 27 29  1  0 0 0  16
    60 59 29  1  0 0 0  16
    61 62 63  1  0 0 0  16
    63 62 64  1  0 0 0  16
    65 66 67  1  0 0 0  16
    68 66 65  1  0 0 0  16
    69 70 71  1  0 0 0  16
    72 69 71  1  0 0 0  16
    67 69 72  1  0 0 0  16
    66 69 67  1  0 0 0  16
    18 68 65  1  0 0 0  16
    18 19 68  1  0 0 0  16
    73 23 74  1  0 0 0  16
    74 23 25  1  0 0 0  16
    75 76 77  1  0 0 0  16
    78 75 77  1  0 0 0  16
    75 79 76  1  0 0 0  16
    80 79 75  1  0 0 0  16
    78 77 81  1  0 0 0  16
    81 77 82  1  0 0 0  16
    83 81 82  1  0 0 0  16
    83 84 81  1  0 0 0  16
    85 86 87  1  0 0 0  16
    88 85 87  1  0 0 0  16
    89 90 91  1  0 0 0  16
    90 92 91  1  0 0 0  16
    89 91 86  1  0 0 0  16
    85 89 86  1  0 0 0  16
    80 93 79  1  0 0 0  16
    93 94 79  1  0 0 0  16
    42 43 39  1  0 0 0  16
    38 42 39  1  0 0 0  16
    90 64 92  1  0 0 0  16
    63 64 90  1  0 0 0  16
    95 96 97  1  0 0 0  16
    95 98 96  1  0 0 0  16
    98 84 83  1  0 0 0  16
    88 87 94  1  0 0 0  16
    93 88 94  1  0 0 0  16
    27 25 26  1  0 0 0  16
    16 18 21  1  0 0 0  16
    56 53 57  1  0 0 0  16
    56 50 53  1  0 0 0  16
    1 6 2  1  0 0 0  16
    10 13 11  1  0 0 0  16
    99 41 40  1  0 0 0  16
    100 99 40  1  0 0 0  16
    5 101 6  1  0 0 0  7
    102 101 5  1  0 0 0  7
    103 5 4  1  0 0 0  7
    103 102 5  1  0 0 0  7
    7 104 8  1  0 0 0  7
    105 104 7  1  0 0 0  7
    6 105 7  1  0 0 0  7
    101 105 6  1  0 0 0  7
    106 12 9  1  0 0 0  7
    106 107 12  1  0 0 0  7
    108 9 11  1  0 0 0  7
    108 106 9  1  0 0 0  7
    109 11 15  1  0 0 0  7
    109 108 11  1  0 0 0  7
    14 109 15  1  0 0 0  7
    110 109 14  1  0 0 0  7
    17 111 19  1  0 0 0  7
    112 111 17  1  0 0 0  7
    113 17 16  1  0 0 0  7
    113 112 17  1  0 0 0  7
    114 16 20  1  0 0 0  7
    114 113 16  1  0 0 0  7
    115 20 22  1  0 0 0  7
    115 114 20  1  0 0 0  7
    24 116 26  1  0 0 0  7
    117 116 24  1  0 0 0  7
    23 117 24  1  0 0 0  7
    118 117 23  1  0 0 0  7
    119 29 28  1  0 0 0  7
    119 120 29  1  0 0 0  7
    26 119 28  1  0 0 0  7
    116 119 26  1  0 0 0  7
    121 122 32  1  0 0 0  7
    32 122 35  1  0 0 0  7
    123 110 14  1  0 0 0  7
    35 124 37  1  0 0 0  7
    122 124 35  1  0 0 0  7
    125 34 36  1  0 0 0  7
    125 126 34  1  0 0 0  7
    37 127 38  1  0 0 0  7
    124 127 37  1  0 0 0  7
    128 36 39  1  0 0 0  7
    128 125 36  1  0 0 0  7
    41 129 43  1  0 0 0  7
    130 129 41  1  0 0 0  7
    131 40 42  1  0 0 0  7
    131 132 40  1  0 0 0  7
    133 47 44  1  0 0 0  7
    133 134 47  1  0 0 0  7
    45 135 46  1  0 0 0  7
    136 135 45  1  0 0 0  7
    49 136 45  1  0 0 0  7
    137 136 49  1  0 0 0  7
    134 48 47  1  0 0 0  7
    134 138 48  1  0 0 0  7
    52 139 53  1  0 0 0  7
    140 139 52  1  0 0 0  7
    141 51 50  1  0 0 0  7
    141 142 51  1  0 0 0  7
    138 54 48  1  0 0 0  7
    138 143 54  1  0 0 0  7
    55 137 49  1  0 0 0  7
    144 137 55  1  0 0 0  7
    57 144 55  1  0 0 0  7
    145 144 57  1  0 0 0  7
    143 56 54  1  0 0 0  7
    143 146 56  1  0 0 0  7
    1 140 52  1  0 0 0  7
    3 140 1  1  0 0 0  7
    142 4 51  1  0 0 0  7
    142 103 4  1  0 0 0  7
    147 148 10  1  0 0 0  7
    107 2 149  1  0 0 0  7
    0 2 107  1  0 0 0  7
    150 151 61  1  0 0 0  7
    150 152 151  1  0 0 0  7
    153 154 62  1  0 0 0  7
    155 154 153  1  0 0 0  7
    156 61 63  1  0 0 0  7
    156 150 61  1  0 0 0  7
    62 157 64  1  0 0 0  7
    154 157 62  1  0 0 0  7
    46 135 158  1  0 0 0  7
    135 71 158  1  0 0 0  7
    135 159 71  1  0 0 0  7
    70 133 160  1  0 0 0  7
    133 44 160  1  0 0 0  7
    161 133 70  1  0 0 0  7
    162 65 67  1  0 0 0  7
    162 163 65  1  0 0 0  7
    68 164 66  1  0 0 0  7
    165 164 68  1  0 0 0  7
    69 161 70  1  0 0 0  7
    166 161 69  1  0 0 0  7
    159 72 71  1  0 0 0  7
    159 167 72  1  0 0 0  7
    167 67 72  1  0 0 0  7
    167 162 67  1  0 0 0  7
    66 166 69  1  0 0 0  7
    164 166 66  1  0 0 0  7
    163 18 65  1  0 0 0  7
    163 168 18  1  0 0 0  7
    19 165 68  1  0 0 0  7
    111 165 19  1  0 0 0  7
    169 74 25  1  0 0 0  7
    73 118 23  1  0 0 0  7
    76 170 77  1  0 0 0  7
    171 170 76  1  0 0 0  7
    172 75 78  1  0 0 0  7
    172 173 75  1  0 0 0  7
    79 171 76  1  0 0 0  7
    174 171 79  1  0 0 0  7
    173 80 75  1  0 0 0  7
    173 175 80  1  0 0 0  7
    77 176 82  1  0 0 0  7
    170 176 77  1  0 0 0  7
    177 78 81  1  0 0 0  7
    177 172 78  1  0 0 0  7
    176 83 82  1  0 0 0  7
    176 178 83  1  0 0 0  7
    84 177 81  1  0 0 0  7
    179 177 84  1  0 0 0  7
    86 180 87  1  0 0 0  7
    181 180 86  1  0 0 0  7
    182 85 88  1  0 0 0  7
    182 183 85  1  0 0 0  7
    89 184 90  1  0 0 0  7
    185 184 89  1  0 0 0  7
    92 186 91  1  0 0 0  7
    187 186 92  1  0 0 0  7
    91 181 86  1  0 0 0  7
    186 181 91  1  0 0 0  7
    183 89 85  1  0 0 0  7
    183 185 89  1  0 0 0  7
    175 93 80  1  0 0 0  7
    175 188 93  1  0 0 0  7
    94 174 79  1  0 0 0  7
    189 174 94  1  0 0 0  7
    43 128 39  1  0 0 0  7
    129 128 43  1  0 0 0  7
    127 42 38  1  0 0 0  7
    127 131 42  1  0 0 0  7
    64 187 92  1  0 0 0  7
    157 187 64  1  0 0 0  7
    184 63 90  1  0 0 0  7
    184 156 63  1  0 0 0  7
    96 190 97  1  0 0 0  7
    98 190 96  1  0 0 0  7
    191 190 98  1  0 0 0  7
    178 98 83  1  0 0 0  7
    178 191 98  1  0 0 0  7
    87 189 94  1  0 0 0  7
    180 189 87  1  0 0 0  7
    188 88 93  1  0 0 0  7
    188 182 88  1  0 0 0  7
    192 25 27  1  0 0 0  7
    192 169 25  1  0 0 0  7
    18 193 21  1  0 0 0  7
    168 193 18  1  0 0 0  7
    53 145 57  1  0 0 0  7
    139 145 53  1  0 0 0  7
    146 50 56  1  0 0 0  7
    146 141 50  1  0 0 0  7
    10 194 13  1  0 0 0  7
    148 194 10  1  0 0 0  7
    132 100 40  1  0 0 0  7
    99 130 41  1  0 0 0  7
    98 95 84  1  0 0 0  16
    99 100 195  1  0 0 0  16
    195 100 196  1  0 0 0  16
    197 99 195  1  0 0 0  7
    197 195 196  1  0 0 0  7
    198 197 196  1  0 0 0  7
    199 95 97  1  0 0 0  16
    200 95 199  1  0 0 0  16
    201 202 200  1  0 0 0  7
    201 200 199  1  0 0 0  7
    202 203 95  1  0 0 0  7
    200 202 95  1  0 0 0  7
    204 201 199  1  0 0 0  7
    204 199 97  1  0 0 0  7
    95 179 84  1  0 0 0  7
    203 179 95  1  0 0 0  7
    190 204 97  1  0 0 0  7
    132 198 100  1  0 0 0  7
    100 198 196  1  0 0 0  7
    197 130 99  1  0 0 0  7
    71 70 158  1  0 0 0  16
    70 160 158  1  0 0 0  16
    44 46 158  1  0 0 0  16
    160 44 158  1  0 0 0  16
    33 32 35  1  0 0 0  16
    34 33 35  1  0 0 0  16
    205 206 121  1  0 0 0  7
    205 121 31  1  0 0 0  7
    31 121 32  1  0 0 0  7
    126 207 33  1  0 0 0  7
    126 33 34  1  0 0 0  7
    207 30 33  1  0 0 0  7
    208 205 31  1  0 0 0  16
    30 208 31  1  0 0 0  16
    209 208 207  1  0 0 0  7
    207 208 30  1  0 0 0  7
    210 206 205  1  0 0 0  7
    211 210 205  1  0 0 0  16
    208 211 205  1  0 0 0  16
    209 211 208  1  0 0 0  7
    212 213 206  1  0 0 0  7
    212 206 210  1  0 0 0  7
    214 212 210  1  0 0 0  16
    214 210 211  1  0 0 0  16
    209 215 211  1  0 0 0  7
    215 214 211  1  0 0 0  7
    216 213 212  1  0 0 0  7
    216 212 214  1  0 0 0  16
    217 216 214  1  0 0 0  16
    215 217 214  1  0 0 0  7
    194 213 216  1  0 0 0  7
    218 194 216  1  0 0 0  7
    123 218 216  1  0 0 0  16
    123 216 217  1  0 0 0  16
    219 220 221  1  0 0 0  16
    220 222 221  1  0 0 0  16
    223 224 219  1  0 0 0  7
    225 223 219  1  0 0 0  7
    226 227 228  1  0 0 0  7
    226 228 220  1  0 0 0  7
    225 219 221  1  0 0 0  7
    220 228 222  1  0 0 0  7
    221 222 229  1  0 0 0  16
    222 230 229  1  0 0 0  16
    152 221 229  1  0 0 0  7
    225 221 152  1  0 0 0  7
    222 228 155  1  0 0 0  7
    222 155 230  1  0 0 0  7
    229 230 151  1  0 0 0  16
    230 153 151  1  0 0 0  16
    152 229 151  1  0 0 0  7
    230 155 153  1  0 0 0  7
    151 153 61  1  0 0 0  16
    153 62 61  1  0 0 0  16
    224 231 226  1  0 0 0  16
    231 232 226  1  0 0 0  16
    192 59 231  1  0 0 0  7
    223 192 231  1  0 0 0  7
    120 227 232  1  0 0 0  7
    60 120 232  1  0 0 0  7
    223 231 224  1  0 0 0  7
    232 227 226  1  0 0 0  7
    224 226 219  1  0 0 0  16
    219 226 220  1  0 0 0  16
    59 60 231  1  0 0 0  16
    231 60 232  1  0 0 0  16
    59 192 27  1  0 0 0  7
    120 60 29  1  0 0 0  7
    233 234 73  1  0 0 0  16
    233 73 74  1  0 0 0  16
    169 233 74  1  0 0 0  7
    115 233 169  1  0 0 0  7
    234 193 118  1  0 0 0  7
    234 118 73  1  0 0 0  7
    215 110 217  1  0 0 0  7
    110 123 217  1  0 0 0  7
    194 218 13  1  0 0 0  7
    13 218 14  1  0 0 0  16
    218 123 14  1  0 0 0  16
    12 149 147  1  0 0 0  16
    12 147 10  1  0 0 0  16
    58 104 148  1  0 0 0  7
    58 148 147  1  0 0 0  7
    107 149 12  1  0 0 0  7
    21 234 22  1  0 0 0  16
    22 234 233  1  0 0 0  16
    115 22 233  1  0 0 0  7
    21 193 234  1  0 0 0  7
    2 58 149  1  0 0 0  16
    149 58 147  1  0 0 0  16
    8 104 58  1  0 0 0  7
    235 236 237  1  0 0 0  16
    235 238 239  1  0 0 0  16
    238 235 237  1  0 0 0  16
    240 241 237  1  0 0 0  16
    242 241 243  1  0 0 0  16
    241 242 237  1  0 0 0  16
    238 237 242  1  0 0 0  16
    236 235 244  1  0 0 0  7
    244 245 236  1  0 0 0  7
    239 238 246  1  0 0 0  7
    246 247 239  1  0 0 0  7
    235 239 247  1  0 0 0  7
    247 244 235  1  0 0 0  7
    241 240 248  1  0 0 0  7
    248 249 241  1  0 0 0  7
    243 241 249  1  0 0 0  7
    249 250 243  1  0 0 0  7
    242 243 250  1  0 0 0  7
    250 251 242  1  0 0 0  7
    238 242 251  1  0 0 0  7
    251 246 238  1  0 0 0  7
endnode
