# Exported from KOTORmax 0.4.1 at 28/08/2018 4:59:23 PM
# WOKMESH  ASCII
node trimesh walkmesh_14
  parent 151HAR14
  position 0.125532 -0.137012 1.49
  orientation 1.0 0.0 0.0 0.0
  verts 16
    -2.48457 -4.62911 0.0
    -1.56418 4.36066 0.0
    -2.48456 4.36066 0.0
    2.75801 4.36066 0.0
    2.75801 -4.62911 0.0
    4.68114 4.36066 1.56229
    2.75801 4.36066 2.97297
    1.83479 4.36066 0.0
    -1.56418 4.36066 2.97297
    -4.44333 4.36066 1.56229
    -4.44333 -4.62911 1.56229
    -2.48457 -4.62911 2.97297
    4.68114 -4.62911 1.56229
    1.8348 4.36066 2.97297
    -2.48456 4.36066 2.97297
    2.75801 -4.62911 2.97297
  faces 22
    0 1 2  1  0 0 0  10
    3 4 5  1  0 0 0  7
    3 6 7  1  0 0 0  7
    6 3 5  1  0 0 0  7
    1 8 2  1  0 0 0  7
    9 10 0  1  0 0 0  7
    0 2 9  1  0 0 0  7
    10 11 0  1  0 0 0  7
    0 11 4  1  0 0 0  7
    12 5 4  1  0 0 0  7
    13 7 6  1  0 0 0  7
    2 14 9  1  0 0 0  7
    14 2 8  1  0 0 0  7
    14 11 10  1  0 0 0  7
    10 9 14  1  0 0 0  7
    4 15 12  1  0 0 0  7
    15 4 11  1  0 0 0  7
    15 6 5  1  0 0 0  7
    5 12 15  1  0 0 0  7
    4 3 7  1  0 0 0  10
    4 7 0  1  0 0 0  10
    7 1 0  1  0 0 0  10
endnode
