# Exported from KOTORmax 0.4.1 at 28/08/2018 5:40:37 PM
# WOKMESH  ASCII
node trimesh walkmesh_17
  parent 151HAR17
  position 0.117458 -0.712993 1.48957
  orientation 1.0 0.0 0.0 0.0
  verts 24
    -2.48456 -4.84314 -1.19209e-007
    -1.56148 4.32598 0.0
    -2.48186 4.32598 0.0
    2.76071 4.32598 0.0
    2.75802 -4.84314 0.0
    4.68384 4.32598 1.56229
    2.76071 4.32598 2.97297
    1.8375 4.32598 0.0
    -1.56148 4.32597 2.97297
    -4.44064 4.32598 1.56229
    -4.44333 -4.84314 1.56229
    4.68114 -4.84314 1.56229
    1.8375 4.32598 2.97297
    -2.48186 4.32598 2.97297
    -2.48456 -4.84314 2.97298
    2.75802 -4.84314 2.97298
    1.8348 -4.84314 0.0
    -1.56418 -4.84314 2.97298
    -1.56418 -4.84314 0.0
    1.8348 -4.84314 2.97298
    -1.56418 -5.75594 2.97342
    -1.56418 -5.75594 0.000450015
    1.8348 -5.75594 0.000450015
    1.8348 -5.75594 2.97342
  faces 32
    0 1 2  1  0 0 0  10
    3 4 5  1  0 0 0  7
    3 6 7  1  0 0 0  7
    6 3 5  1  0 0 0  7
    1 8 2  1  0 0 0  7
    9 10 0  1  0 0 0  7
    0 2 9  1  0 0 0  7
    11 5 4  1  0 0 0  7
    12 7 6  1  0 0 0  7
    2 13 9  1  0 0 0  7
    13 2 8  1  0 0 0  7
    13 14 10  1  0 0 0  7
    10 9 13  1  0 0 0  7
    15 6 5  1  0 0 0  7
    5 11 15  1  0 0 0  7
    4 3 7  1  0 0 0  10
    4 7 16  1  0 0 0  10
    7 1 0  1  0 0 0  10
    15 4 16  1  0 0 0  7
    4 15 11  1  0 0 0  7
    17 18 0  1  0 0 0  7
    16 19 15  1  0 0 0  7
    14 0 10  1  0 0 0  7
    0 14 17  1  0 0 0  7
    16 7 18  1  0 0 0  10
    18 7 0  1  0 0 0  10
    20 21 18  1  0 0 0  7
    18 17 20  1  0 0 0  7
    22 23 19  1  0 0 0  7
    19 16 22  1  0 0 0  7
    21 22 16  1  0 0 0  10
    16 18 21  1  0 0 0  10
endnode
