# Exported from KOTORmax 0.4.1 at 14/06/2018 10:05:45 PM
# WOKMESH  ASCII
node trimesh walkmesh_33
  parent 152HAR33
  position -0.117974 0.694023 1.48957
  orientation 1.0 0.0 0.0 0.0
  verts 24
    -2.75801 4.62911 -1.19209e-007
    -4.68113 4.62911 1.56229
    -4.68114 -4.36066 1.56229
    -2.75801 -4.36066 0.0
    -2.75801 -4.36066 2.97297
    4.44334 4.62911 1.56229
    2.48457 4.62911 2.97297
    2.48457 4.62911 0.0
    4.44334 -4.36066 1.56229
    2.48457 -1.61145 2.97297
    -2.75801 4.62911 2.97297
    -1.83662 4.62911 0.0
    -1.83662 4.62911 2.97297
    1.56236 4.62911 0.0
    1.56236 4.62911 2.97297
    1.56236 5.74075 0.000450015
    -1.83662 5.74075 0.000450015
    -1.83662 5.74075 2.97342
    1.56236 5.74075 2.97342
    2.48457 -1.65035 0.0
    1.33725 -0.879347 0.0
    -1.13521 -2.27494 0.0
    -1.13521 -2.27494 2.97297
    1.33725 -0.879347 2.21585
  faces 34
    0 1 2  1  0 0 0  7
    2 3 0  1  0 0 0  7
    4 3 2  1  0 0 0  7
    5 6 7  1  0 0 0  7
    5 8 9  1  0 0 0  7
    9 6 5  1  0 0 0  7
    0 10 1  1  0 0 0  7
    2 1 10  1  0 0 0  7
    10 4 2  1  0 0 0  7
    0 11 12  1  0 0 0  7
    12 10 0  1  0 0 0  7
    13 7 6  1  0 0 0  7
    6 14 13  1  0 0 0  7
    11 13 15  1  0 0 0  10
    15 16 11  1  0 0 0  10
    12 11 16  1  0 0 0  7
    16 17 12  1  0 0 0  7
    13 14 18  1  0 0 0  7
    18 15 13  1  0 0 0  7
    19 7 13  1  0 0 0  10
    13 11 0  1  0 0 0  10
    19 13 0  1  0 0 0  10
    19 0 20  1  0 0 0  10
    0 3 21  1  0 0 0  10
    20 0 21  1  0 0 0  10
    8 5 7  1  0 0 0  7
    7 19 8  1  0 0 0  7
    22 23 20  1  0 0 0  7
    20 21 22  1  0 0 0  7
    4 22 21  1  0 0 0  7
    21 3 4  1  0 0 0  7
    9 8 19  1  0 0 0  7
    23 9 19  1  0 0 0  7
    19 20 23  1  0 0 0  7
endnode
